2023/05/21-14:36:25.502807 7f5b5414a700 RocksDB version: 6.8.1
2023/05/21-14:36:25.502865 7f5b5414a700 Git sha rocksdb_build_git_sha:
2023/05/21-14:36:25.502867 7f5b5414a700 Compile date Apr 26 2020
2023/05/21-14:36:25.502870 7f5b5414a700 DB SUMMARY
2023/05/21-14:36:25.502913 7f5b5414a700 CURRENT file:  CURRENT
2023/05/21-14:36:25.502915 7f5b5414a700 IDENTITY file:  IDENTITY
2023/05/21-14:36:25.502921 7f5b5414a700 MANIFEST file:  MANIFEST-000004 size: 365 Bytes
2023/05/21-14:36:25.502924 7f5b5414a700 SST files in /opt/besu/data/database dir, Total Num: 0, files: 
2023/05/21-14:36:25.502925 7f5b5414a700 Write Ahead Log file in /opt/besu/data/database: 000003.log size: 84399 ; 
2023/05/21-14:36:25.502928 7f5b5414a700                         Options.error_if_exists: 0
2023/05/21-14:36:25.502929 7f5b5414a700                       Options.create_if_missing: 1
2023/05/21-14:36:25.502930 7f5b5414a700                         Options.paranoid_checks: 1
2023/05/21-14:36:25.502931 7f5b5414a700                                     Options.env: 0x7f5af9a25280
2023/05/21-14:36:25.502932 7f5b5414a700                                      Options.fs: Posix File System
2023/05/21-14:36:25.502933 7f5b5414a700                                Options.info_log: 0x7f5b515237c0
2023/05/21-14:36:25.502934 7f5b5414a700                Options.max_file_opening_threads: 16
2023/05/21-14:36:25.502935 7f5b5414a700                              Options.statistics: 0x7f5b514beca0
2023/05/21-14:36:25.502936 7f5b5414a700                               Options.use_fsync: 0
2023/05/21-14:36:25.502937 7f5b5414a700                       Options.max_log_file_size: 0
2023/05/21-14:36:25.502938 7f5b5414a700                  Options.max_manifest_file_size: 1073741824
2023/05/21-14:36:25.502939 7f5b5414a700                   Options.log_file_time_to_roll: 0
2023/05/21-14:36:25.502940 7f5b5414a700                       Options.keep_log_file_num: 1000
2023/05/21-14:36:25.502941 7f5b5414a700                    Options.recycle_log_file_num: 0
2023/05/21-14:36:25.502942 7f5b5414a700                         Options.allow_fallocate: 1
2023/05/21-14:36:25.502943 7f5b5414a700                        Options.allow_mmap_reads: 0
2023/05/21-14:36:25.502944 7f5b5414a700                       Options.allow_mmap_writes: 0
2023/05/21-14:36:25.502944 7f5b5414a700                        Options.use_direct_reads: 0
2023/05/21-14:36:25.502945 7f5b5414a700                        Options.use_direct_io_for_flush_and_compaction: 0
2023/05/21-14:36:25.502946 7f5b5414a700          Options.create_missing_column_families: 1
2023/05/21-14:36:25.502947 7f5b5414a700                              Options.db_log_dir: 
2023/05/21-14:36:25.502948 7f5b5414a700                                 Options.wal_dir: /opt/besu/data/database
2023/05/21-14:36:25.502949 7f5b5414a700                Options.table_cache_numshardbits: 6
2023/05/21-14:36:25.502950 7f5b5414a700                      Options.max_subcompactions: 1
2023/05/21-14:36:25.502951 7f5b5414a700                  Options.max_background_flushes: -1
2023/05/21-14:36:25.502952 7f5b5414a700                         Options.WAL_ttl_seconds: 0
2023/05/21-14:36:25.502953 7f5b5414a700                       Options.WAL_size_limit_MB: 0
2023/05/21-14:36:25.502953 7f5b5414a700                        Options.max_write_batch_group_size_bytes: 1048576
2023/05/21-14:36:25.502954 7f5b5414a700             Options.manifest_preallocation_size: 4194304
2023/05/21-14:36:25.502955 7f5b5414a700                     Options.is_fd_close_on_exec: 1
2023/05/21-14:36:25.502956 7f5b5414a700                   Options.advise_random_on_open: 1
2023/05/21-14:36:25.502957 7f5b5414a700                    Options.db_write_buffer_size: 0
2023/05/21-14:36:25.502958 7f5b5414a700                    Options.write_buffer_manager: 0x7f5b515236f0
2023/05/21-14:36:25.502959 7f5b5414a700         Options.access_hint_on_compaction_start: 1
2023/05/21-14:36:25.502960 7f5b5414a700  Options.new_table_reader_for_compaction_inputs: 0
2023/05/21-14:36:25.502960 7f5b5414a700           Options.random_access_max_buffer_size: 1048576
2023/05/21-14:36:25.502961 7f5b5414a700                      Options.use_adaptive_mutex: 0
2023/05/21-14:36:25.502970 7f5b5414a700                            Options.rate_limiter: (nil)
2023/05/21-14:36:25.502973 7f5b5414a700     Options.sst_file_manager.rate_bytes_per_sec: 0
2023/05/21-14:36:25.502974 7f5b5414a700                       Options.wal_recovery_mode: 2
2023/05/21-14:36:25.502975 7f5b5414a700                  Options.enable_thread_tracking: 0
2023/05/21-14:36:25.502976 7f5b5414a700                  Options.enable_pipelined_write: 0
2023/05/21-14:36:25.502977 7f5b5414a700                  Options.unordered_write: 0
2023/05/21-14:36:25.502978 7f5b5414a700         Options.allow_concurrent_memtable_write: 1
2023/05/21-14:36:25.502978 7f5b5414a700      Options.enable_write_thread_adaptive_yield: 1
2023/05/21-14:36:25.502979 7f5b5414a700             Options.write_thread_max_yield_usec: 100
2023/05/21-14:36:25.502980 7f5b5414a700            Options.write_thread_slow_yield_usec: 3
2023/05/21-14:36:25.502981 7f5b5414a700                               Options.row_cache: None
2023/05/21-14:36:25.502982 7f5b5414a700                              Options.wal_filter: None
2023/05/21-14:36:25.502983 7f5b5414a700             Options.avoid_flush_during_recovery: 0
2023/05/21-14:36:25.502984 7f5b5414a700             Options.allow_ingest_behind: 0
2023/05/21-14:36:25.502985 7f5b5414a700             Options.preserve_deletes: 0
2023/05/21-14:36:25.502986 7f5b5414a700             Options.two_write_queues: 0
2023/05/21-14:36:25.502986 7f5b5414a700             Options.manual_wal_flush: 0
2023/05/21-14:36:25.502987 7f5b5414a700             Options.atomic_flush: 0
2023/05/21-14:36:25.502988 7f5b5414a700             Options.avoid_unnecessary_blocking_io: 0
2023/05/21-14:36:25.502989 7f5b5414a700                 Options.persist_stats_to_disk: 0
2023/05/21-14:36:25.502990 7f5b5414a700                 Options.write_dbid_to_manifest: 0
2023/05/21-14:36:25.502991 7f5b5414a700                 Options.log_readahead_size: 0
2023/05/21-14:36:25.502992 7f5b5414a700                 Options.sst_file_checksum_func: Unknown
2023/05/21-14:36:25.502994 7f5b5414a700             Options.max_background_jobs: 2
2023/05/21-14:36:25.502995 7f5b5414a700             Options.max_background_compactions: 4
2023/05/21-14:36:25.502995 7f5b5414a700             Options.avoid_flush_during_shutdown: 0
2023/05/21-14:36:25.502996 7f5b5414a700           Options.writable_file_max_buffer_size: 1048576
2023/05/21-14:36:25.502997 7f5b5414a700             Options.delayed_write_rate : 16777216
2023/05/21-14:36:25.502998 7f5b5414a700             Options.max_total_wal_size: 0
2023/05/21-14:36:25.503000 7f5b5414a700             Options.delete_obsolete_files_period_micros: 21600000000
2023/05/21-14:36:25.503001 7f5b5414a700                   Options.stats_dump_period_sec: 600
2023/05/21-14:36:25.503001 7f5b5414a700                 Options.stats_persist_period_sec: 600
2023/05/21-14:36:25.503002 7f5b5414a700                 Options.stats_history_buffer_size: 1048576
2023/05/21-14:36:25.503003 7f5b5414a700                          Options.max_open_files: 1024
2023/05/21-14:36:25.503004 7f5b5414a700                          Options.bytes_per_sync: 0
2023/05/21-14:36:25.503005 7f5b5414a700                      Options.wal_bytes_per_sync: 0
2023/05/21-14:36:25.503006 7f5b5414a700                   Options.strict_bytes_per_sync: 0
2023/05/21-14:36:25.503007 7f5b5414a700       Options.compaction_readahead_size: 0
2023/05/21-14:36:25.503008 7f5b5414a700 Compression algorithms supported:
2023/05/21-14:36:25.503009 7f5b5414a700 	kZSTDNotFinalCompression supported: 1
2023/05/21-14:36:25.503015 7f5b5414a700 	kZSTD supported: 1
2023/05/21-14:36:25.503016 7f5b5414a700 	kXpressCompression supported: 0
2023/05/21-14:36:25.503017 7f5b5414a700 	kLZ4HCCompression supported: 1
2023/05/21-14:36:25.503018 7f5b5414a700 	kLZ4Compression supported: 1
2023/05/21-14:36:25.503019 7f5b5414a700 	kBZip2Compression supported: 1
2023/05/21-14:36:25.503020 7f5b5414a700 	kZlibCompression supported: 1
2023/05/21-14:36:25.503021 7f5b5414a700 	kSnappyCompression supported: 1
2023/05/21-14:36:25.503030 7f5b5414a700 Fast CRC32 supported: Not supported on x86
2023/05/21-14:36:25.506866 7f5b5414a700 [rsion_set.cc:4413] Recovering from manifest file: /opt/besu/data/database/MANIFEST-000004
2023/05/21-14:36:25.507022 7f5b5414a700 [lumn_family.cc:552] --------------- Options for column family [default]:
2023/05/21-14:36:25.507026 7f5b5414a700               Options.comparator: leveldb.BytewiseComparator
2023/05/21-14:36:25.507028 7f5b5414a700           Options.merge_operator: None
2023/05/21-14:36:25.507029 7f5b5414a700        Options.compaction_filter: None
2023/05/21-14:36:25.507030 7f5b5414a700        Options.compaction_filter_factory: None
2023/05/21-14:36:25.507031 7f5b5414a700         Options.memtable_factory: SkipListFactory
2023/05/21-14:36:25.507031 7f5b5414a700            Options.table_factory: BlockBasedTable
2023/05/21-14:36:25.507065 7f5b5414a700            table_factory options:   flush_block_policy_factory: FlushBlockBySizePolicyFactory (0x7f5b514c16e0)
  cache_index_and_filter_blocks: 0
  cache_index_and_filter_blocks_with_high_priority: 0
  pin_l0_filter_and_index_blocks_in_cache: 0
  pin_top_level_index_and_filter: 1
  index_type: 0
  data_block_index_type: 0
  index_shortening: 1
  data_block_hash_table_util_ratio: 0.750000
  hash_index_allow_collision: 1
  checksum: 1
  no_block_cache: 0
  block_cache: 0x7f5b514bf320
  block_cache_name: LRUCache
  block_cache_options:
    capacity : 8388608
    num_shard_bits : 4
    strict_capacity_limit : 0
    memory_allocator : None
    high_pri_pool_ratio: 0.000
  block_cache_compressed: (nil)
  persistent_cache: (nil)
  block_size: 4096
  block_size_deviation: 10
  block_restart_interval: 16
  index_block_restart_interval: 1
  metadata_block_size: 4096
  partition_filters: 0
  use_delta_encoding: 1
  filter_policy: nullptr
  whole_key_filtering: 1
  verify_compression: 1
  read_amp_bytes_per_bit: 0
  format_version: 2
  enable_index_compression: 1
  block_align: 0
2023/05/21-14:36:25.507066 7f5b5414a700        Options.write_buffer_size: 67108864
2023/05/21-14:36:25.507067 7f5b5414a700  Options.max_write_buffer_number: 2
2023/05/21-14:36:25.507068 7f5b5414a700          Options.compression: Snappy
2023/05/21-14:36:25.507069 7f5b5414a700                  Options.bottommost_compression: Disabled
2023/05/21-14:36:25.507070 7f5b5414a700       Options.prefix_extractor: nullptr
2023/05/21-14:36:25.507071 7f5b5414a700   Options.memtable_insert_with_hint_prefix_extractor: nullptr
2023/05/21-14:36:25.507072 7f5b5414a700             Options.num_levels: 7
2023/05/21-14:36:25.507073 7f5b5414a700        Options.min_write_buffer_number_to_merge: 1
2023/05/21-14:36:25.507074 7f5b5414a700     Options.max_write_buffer_number_to_maintain: 0
2023/05/21-14:36:25.507075 7f5b5414a700     Options.max_write_buffer_size_to_maintain: 134217728
2023/05/21-14:36:25.507076 7f5b5414a700            Options.bottommost_compression_opts.window_bits: -14
2023/05/21-14:36:25.507077 7f5b5414a700                  Options.bottommost_compression_opts.level: 32767
2023/05/21-14:36:25.507078 7f5b5414a700               Options.bottommost_compression_opts.strategy: 0
2023/05/21-14:36:25.507079 7f5b5414a700         Options.bottommost_compression_opts.max_dict_bytes: 0
2023/05/21-14:36:25.507080 7f5b5414a700         Options.bottommost_compression_opts.zstd_max_train_bytes: 0
2023/05/21-14:36:25.507080 7f5b5414a700                  Options.bottommost_compression_opts.enabled: false
2023/05/21-14:36:25.507081 7f5b5414a700            Options.compression_opts.window_bits: -14
2023/05/21-14:36:25.507082 7f5b5414a700                  Options.compression_opts.level: 32767
2023/05/21-14:36:25.507083 7f5b5414a700               Options.compression_opts.strategy: 0
2023/05/21-14:36:25.507084 7f5b5414a700         Options.compression_opts.max_dict_bytes: 0
2023/05/21-14:36:25.507085 7f5b5414a700         Options.compression_opts.zstd_max_train_bytes: 0
2023/05/21-14:36:25.507086 7f5b5414a700                  Options.compression_opts.enabled: false
2023/05/21-14:36:25.507087 7f5b5414a700      Options.level0_file_num_compaction_trigger: 4
2023/05/21-14:36:25.507103 7f5b5414a700          Options.level0_slowdown_writes_trigger: 20
2023/05/21-14:36:25.507104 7f5b5414a700              Options.level0_stop_writes_trigger: 36
2023/05/21-14:36:25.507105 7f5b5414a700                   Options.target_file_size_base: 67108864
2023/05/21-14:36:25.507106 7f5b5414a700             Options.target_file_size_multiplier: 1
2023/05/21-14:36:25.507107 7f5b5414a700                Options.max_bytes_for_level_base: 268435456
2023/05/21-14:36:25.507108 7f5b5414a700 Options.level_compaction_dynamic_level_bytes: 0
2023/05/21-14:36:25.507109 7f5b5414a700          Options.max_bytes_for_level_multiplier: 10.000000
2023/05/21-14:36:25.507118 7f5b5414a700 Options.max_bytes_for_level_multiplier_addtl[0]: 1
2023/05/21-14:36:25.507119 7f5b5414a700 Options.max_bytes_for_level_multiplier_addtl[1]: 1
2023/05/21-14:36:25.507120 7f5b5414a700 Options.max_bytes_for_level_multiplier_addtl[2]: 1
2023/05/21-14:36:25.507121 7f5b5414a700 Options.max_bytes_for_level_multiplier_addtl[3]: 1
2023/05/21-14:36:25.507122 7f5b5414a700 Options.max_bytes_for_level_multiplier_addtl[4]: 1
2023/05/21-14:36:25.507123 7f5b5414a700 Options.max_bytes_for_level_multiplier_addtl[5]: 1
2023/05/21-14:36:25.507124 7f5b5414a700 Options.max_bytes_for_level_multiplier_addtl[6]: 1
2023/05/21-14:36:25.507125 7f5b5414a700       Options.max_sequential_skip_in_iterations: 8
2023/05/21-14:36:25.507126 7f5b5414a700                    Options.max_compaction_bytes: 1677721600
2023/05/21-14:36:25.507126 7f5b5414a700                        Options.arena_block_size: 8388608
2023/05/21-14:36:25.507127 7f5b5414a700   Options.soft_pending_compaction_bytes_limit: 68719476736
2023/05/21-14:36:25.507128 7f5b5414a700   Options.hard_pending_compaction_bytes_limit: 274877906944
2023/05/21-14:36:25.507129 7f5b5414a700       Options.rate_limit_delay_max_milliseconds: 100
2023/05/21-14:36:25.507130 7f5b5414a700                Options.disable_auto_compactions: 1
2023/05/21-14:36:25.507132 7f5b5414a700                        Options.compaction_style: kCompactionStyleLevel
2023/05/21-14:36:25.507133 7f5b5414a700                          Options.compaction_pri: kMinOverlappingRatio
2023/05/21-14:36:25.507134 7f5b5414a700 Options.compaction_options_universal.size_ratio: 1
2023/05/21-14:36:25.507135 7f5b5414a700 Options.compaction_options_universal.min_merge_width: 2
2023/05/21-14:36:25.507136 7f5b5414a700 Options.compaction_options_universal.max_merge_width: 4294967295
2023/05/21-14:36:25.507137 7f5b5414a700 Options.compaction_options_universal.max_size_amplification_percent: 200
2023/05/21-14:36:25.507138 7f5b5414a700 Options.compaction_options_universal.compression_size_percent: -1
2023/05/21-14:36:25.507139 7f5b5414a700 Options.compaction_options_universal.stop_style: kCompactionStopStyleTotalSize
2023/05/21-14:36:25.507140 7f5b5414a700 Options.compaction_options_fifo.max_table_files_size: 1073741824
2023/05/21-14:36:25.507141 7f5b5414a700 Options.compaction_options_fifo.allow_compaction: 0
2023/05/21-14:36:25.507142 7f5b5414a700                   Options.table_properties_collectors: 
2023/05/21-14:36:25.507142 7f5b5414a700                   Options.inplace_update_support: 0
2023/05/21-14:36:25.507143 7f5b5414a700                 Options.inplace_update_num_locks: 10000
2023/05/21-14:36:25.507144 7f5b5414a700               Options.memtable_prefix_bloom_size_ratio: 0.000000
2023/05/21-14:36:25.507145 7f5b5414a700               Options.memtable_whole_key_filtering: 0
2023/05/21-14:36:25.507146 7f5b5414a700   Options.memtable_huge_page_size: 0
2023/05/21-14:36:25.507147 7f5b5414a700                           Options.bloom_locality: 0
2023/05/21-14:36:25.507148 7f5b5414a700                    Options.max_successive_merges: 0
2023/05/21-14:36:25.507149 7f5b5414a700                Options.optimize_filters_for_hits: 0
2023/05/21-14:36:25.507150 7f5b5414a700                Options.paranoid_file_checks: 0
2023/05/21-14:36:25.507150 7f5b5414a700                Options.force_consistency_checks: 0
2023/05/21-14:36:25.507151 7f5b5414a700                Options.report_bg_io_stats: 0
2023/05/21-14:36:25.507174 7f5b5414a700                               Options.ttl: 2592000
2023/05/21-14:36:25.507175 7f5b5414a700          Options.periodic_compaction_seconds: 0
2023/05/21-14:36:25.509932 7f5b5414a700 [lumn_family.cc:552] --------------- Options for column family []:
2023/05/21-14:36:25.509935 7f5b5414a700               Options.comparator: leveldb.BytewiseComparator
2023/05/21-14:36:25.509935 7f5b5414a700           Options.merge_operator: None
2023/05/21-14:36:25.509936 7f5b5414a700        Options.compaction_filter: None
2023/05/21-14:36:25.509937 7f5b5414a700        Options.compaction_filter_factory: None
2023/05/21-14:36:25.509938 7f5b5414a700         Options.memtable_factory: SkipListFactory
2023/05/21-14:36:25.509939 7f5b5414a700            Options.table_factory: BlockBasedTable
2023/05/21-14:36:25.509962 7f5b5414a700            table_factory options:   flush_block_policy_factory: FlushBlockBySizePolicyFactory (0x7f5b514babd0)
  cache_index_and_filter_blocks: 0
  cache_index_and_filter_blocks_with_high_priority: 1
  pin_l0_filter_and_index_blocks_in_cache: 0
  pin_top_level_index_and_filter: 1
  index_type: 0
  data_block_index_type: 0
  index_shortening: 1
  data_block_hash_table_util_ratio: 0.750000
  hash_index_allow_collision: 1
  checksum: 1
  no_block_cache: 0
  block_cache: 0x7f5b514bae10
  block_cache_name: LRUCache
  block_cache_options:
    capacity : 8388608
    num_shard_bits : 4
    strict_capacity_limit : 0
    memory_allocator : None
    high_pri_pool_ratio: 0.000
  block_cache_compressed: (nil)
  persistent_cache: (nil)
  block_size: 4096
  block_size_deviation: 10
  block_restart_interval: 16
  index_block_restart_interval: 1
  metadata_block_size: 4096
  partition_filters: 0
  use_delta_encoding: 1
  filter_policy: nullptr
  whole_key_filtering: 1
  verify_compression: 0
  read_amp_bytes_per_bit: 0
  format_version: 2
  enable_index_compression: 1
  block_align: 0
2023/05/21-14:36:25.509964 7f5b5414a700        Options.write_buffer_size: 67108864
2023/05/21-14:36:25.509965 7f5b5414a700  Options.max_write_buffer_number: 2
2023/05/21-14:36:25.509966 7f5b5414a700          Options.compression: Snappy
2023/05/21-14:36:25.509967 7f5b5414a700                  Options.bottommost_compression: Disabled
2023/05/21-14:36:25.509968 7f5b5414a700       Options.prefix_extractor: nullptr
2023/05/21-14:36:25.509969 7f5b5414a700   Options.memtable_insert_with_hint_prefix_extractor: nullptr
2023/05/21-14:36:25.509970 7f5b5414a700             Options.num_levels: 7
2023/05/21-14:36:25.509971 7f5b5414a700        Options.min_write_buffer_number_to_merge: 1
2023/05/21-14:36:25.509972 7f5b5414a700     Options.max_write_buffer_number_to_maintain: 0
2023/05/21-14:36:25.509973 7f5b5414a700     Options.max_write_buffer_size_to_maintain: 134217728
2023/05/21-14:36:25.509974 7f5b5414a700            Options.bottommost_compression_opts.window_bits: -14
2023/05/21-14:36:25.509975 7f5b5414a700                  Options.bottommost_compression_opts.level: 32767
2023/05/21-14:36:25.509975 7f5b5414a700               Options.bottommost_compression_opts.strategy: 0
2023/05/21-14:36:25.509976 7f5b5414a700         Options.bottommost_compression_opts.max_dict_bytes: 0
2023/05/21-14:36:25.509977 7f5b5414a700         Options.bottommost_compression_opts.zstd_max_train_bytes: 0
2023/05/21-14:36:25.509978 7f5b5414a700                  Options.bottommost_compression_opts.enabled: false
2023/05/21-14:36:25.509979 7f5b5414a700            Options.compression_opts.window_bits: -14
2023/05/21-14:36:25.509980 7f5b5414a700                  Options.compression_opts.level: 32767
2023/05/21-14:36:25.509981 7f5b5414a700               Options.compression_opts.strategy: 0
2023/05/21-14:36:25.509982 7f5b5414a700         Options.compression_opts.max_dict_bytes: 0
2023/05/21-14:36:25.509983 7f5b5414a700         Options.compression_opts.zstd_max_train_bytes: 0
2023/05/21-14:36:25.509983 7f5b5414a700                  Options.compression_opts.enabled: false
2023/05/21-14:36:25.509984 7f5b5414a700      Options.level0_file_num_compaction_trigger: 4
2023/05/21-14:36:25.509993 7f5b5414a700          Options.level0_slowdown_writes_trigger: 20
2023/05/21-14:36:25.509995 7f5b5414a700              Options.level0_stop_writes_trigger: 36
2023/05/21-14:36:25.509995 7f5b5414a700                   Options.target_file_size_base: 67108864
2023/05/21-14:36:25.509996 7f5b5414a700             Options.target_file_size_multiplier: 1
2023/05/21-14:36:25.509997 7f5b5414a700                Options.max_bytes_for_level_base: 268435456
2023/05/21-14:36:25.509998 7f5b5414a700 Options.level_compaction_dynamic_level_bytes: 0
2023/05/21-14:36:25.509999 7f5b5414a700          Options.max_bytes_for_level_multiplier: 10.000000
2023/05/21-14:36:25.510000 7f5b5414a700 Options.max_bytes_for_level_multiplier_addtl[0]: 1
2023/05/21-14:36:25.510001 7f5b5414a700 Options.max_bytes_for_level_multiplier_addtl[1]: 1
2023/05/21-14:36:25.510002 7f5b5414a700 Options.max_bytes_for_level_multiplier_addtl[2]: 1
2023/05/21-14:36:25.510003 7f5b5414a700 Options.max_bytes_for_level_multiplier_addtl[3]: 1
2023/05/21-14:36:25.510004 7f5b5414a700 Options.max_bytes_for_level_multiplier_addtl[4]: 1
2023/05/21-14:36:25.510005 7f5b5414a700 Options.max_bytes_for_level_multiplier_addtl[5]: 1
2023/05/21-14:36:25.510006 7f5b5414a700 Options.max_bytes_for_level_multiplier_addtl[6]: 1
2023/05/21-14:36:25.510007 7f5b5414a700       Options.max_sequential_skip_in_iterations: 8
2023/05/21-14:36:25.510008 7f5b5414a700                    Options.max_compaction_bytes: 1677721600
2023/05/21-14:36:25.510008 7f5b5414a700                        Options.arena_block_size: 8388608
2023/05/21-14:36:25.510009 7f5b5414a700   Options.soft_pending_compaction_bytes_limit: 68719476736
2023/05/21-14:36:25.510010 7f5b5414a700   Options.hard_pending_compaction_bytes_limit: 274877906944
2023/05/21-14:36:25.510011 7f5b5414a700       Options.rate_limit_delay_max_milliseconds: 100
2023/05/21-14:36:25.510012 7f5b5414a700                Options.disable_auto_compactions: 1
2023/05/21-14:36:25.510013 7f5b5414a700                        Options.compaction_style: kCompactionStyleLevel
2023/05/21-14:36:25.510014 7f5b5414a700                          Options.compaction_pri: kMinOverlappingRatio
2023/05/21-14:36:25.510015 7f5b5414a700 Options.compaction_options_universal.size_ratio: 1
2023/05/21-14:36:25.510016 7f5b5414a700 Options.compaction_options_universal.min_merge_width: 2
2023/05/21-14:36:25.510017 7f5b5414a700 Options.compaction_options_universal.max_merge_width: 4294967295
2023/05/21-14:36:25.510018 7f5b5414a700 Options.compaction_options_universal.max_size_amplification_percent: 200
2023/05/21-14:36:25.510019 7f5b5414a700 Options.compaction_options_universal.compression_size_percent: -1
2023/05/21-14:36:25.510020 7f5b5414a700 Options.compaction_options_universal.stop_style: kCompactionStopStyleTotalSize
2023/05/21-14:36:25.510021 7f5b5414a700 Options.compaction_options_fifo.max_table_files_size: 1073741824
2023/05/21-14:36:25.510022 7f5b5414a700 Options.compaction_options_fifo.allow_compaction: 0
2023/05/21-14:36:25.510023 7f5b5414a700                   Options.table_properties_collectors: 
2023/05/21-14:36:25.510023 7f5b5414a700                   Options.inplace_update_support: 0
2023/05/21-14:36:25.510024 7f5b5414a700                 Options.inplace_update_num_locks: 10000
2023/05/21-14:36:25.510025 7f5b5414a700               Options.memtable_prefix_bloom_size_ratio: 0.000000
2023/05/21-14:36:25.510026 7f5b5414a700               Options.memtable_whole_key_filtering: 0
2023/05/21-14:36:25.510027 7f5b5414a700   Options.memtable_huge_page_size: 0
2023/05/21-14:36:25.510028 7f5b5414a700                           Options.bloom_locality: 0
2023/05/21-14:36:25.510029 7f5b5414a700                    Options.max_successive_merges: 0
2023/05/21-14:36:25.510030 7f5b5414a700                Options.optimize_filters_for_hits: 0
2023/05/21-14:36:25.510031 7f5b5414a700                Options.paranoid_file_checks: 0
2023/05/21-14:36:25.510031 7f5b5414a700                Options.force_consistency_checks: 0
2023/05/21-14:36:25.510037 7f5b5414a700                Options.report_bg_io_stats: 0
2023/05/21-14:36:25.510039 7f5b5414a700                               Options.ttl: 2592000
2023/05/21-14:36:25.510039 7f5b5414a700          Options.periodic_compaction_seconds: 0
2023/05/21-14:36:25.510068 7f5b5414a700 [lumn_family.cc:552] --------------- Options for column family []:
2023/05/21-14:36:25.510069 7f5b5414a700               Options.comparator: leveldb.BytewiseComparator
2023/05/21-14:36:25.510070 7f5b5414a700           Options.merge_operator: None
2023/05/21-14:36:25.510071 7f5b5414a700        Options.compaction_filter: None
2023/05/21-14:36:25.510072 7f5b5414a700        Options.compaction_filter_factory: None
2023/05/21-14:36:25.510073 7f5b5414a700         Options.memtable_factory: SkipListFactory
2023/05/21-14:36:25.510074 7f5b5414a700            Options.table_factory: BlockBasedTable
2023/05/21-14:36:25.510092 7f5b5414a700            table_factory options:   flush_block_policy_factory: FlushBlockBySizePolicyFactory (0x7f5b514b99a0)
  cache_index_and_filter_blocks: 0
  cache_index_and_filter_blocks_with_high_priority: 1
  pin_l0_filter_and_index_blocks_in_cache: 0
  pin_top_level_index_and_filter: 1
  index_type: 0
  data_block_index_type: 0
  index_shortening: 1
  data_block_hash_table_util_ratio: 0.750000
  hash_index_allow_collision: 1
  checksum: 1
  no_block_cache: 0
  block_cache: 0x7f5b514b99e0
  block_cache_name: LRUCache
  block_cache_options:
    capacity : 8388608
    num_shard_bits : 4
    strict_capacity_limit : 0
    memory_allocator : None
    high_pri_pool_ratio: 0.000
  block_cache_compressed: (nil)
  persistent_cache: (nil)
  block_size: 4096
  block_size_deviation: 10
  block_restart_interval: 16
  index_block_restart_interval: 1
  metadata_block_size: 4096
  partition_filters: 0
  use_delta_encoding: 1
  filter_policy: nullptr
  whole_key_filtering: 1
  verify_compression: 0
  read_amp_bytes_per_bit: 0
  format_version: 2
  enable_index_compression: 1
  block_align: 0
2023/05/21-14:36:25.510093 7f5b5414a700        Options.write_buffer_size: 67108864
2023/05/21-14:36:25.510094 7f5b5414a700  Options.max_write_buffer_number: 2
2023/05/21-14:36:25.510095 7f5b5414a700          Options.compression: Snappy
2023/05/21-14:36:25.510096 7f5b5414a700                  Options.bottommost_compression: Disabled
2023/05/21-14:36:25.510097 7f5b5414a700       Options.prefix_extractor: nullptr
2023/05/21-14:36:25.510098 7f5b5414a700   Options.memtable_insert_with_hint_prefix_extractor: nullptr
2023/05/21-14:36:25.510099 7f5b5414a700             Options.num_levels: 7
2023/05/21-14:36:25.510100 7f5b5414a700        Options.min_write_buffer_number_to_merge: 1
2023/05/21-14:36:25.510101 7f5b5414a700     Options.max_write_buffer_number_to_maintain: 0
2023/05/21-14:36:25.510101 7f5b5414a700     Options.max_write_buffer_size_to_maintain: 134217728
2023/05/21-14:36:25.510102 7f5b5414a700            Options.bottommost_compression_opts.window_bits: -14
2023/05/21-14:36:25.510103 7f5b5414a700                  Options.bottommost_compression_opts.level: 32767
2023/05/21-14:36:25.510104 7f5b5414a700               Options.bottommost_compression_opts.strategy: 0
2023/05/21-14:36:25.510105 7f5b5414a700         Options.bottommost_compression_opts.max_dict_bytes: 0
2023/05/21-14:36:25.510106 7f5b5414a700         Options.bottommost_compression_opts.zstd_max_train_bytes: 0
2023/05/21-14:36:25.510107 7f5b5414a700                  Options.bottommost_compression_opts.enabled: false
2023/05/21-14:36:25.510108 7f5b5414a700            Options.compression_opts.window_bits: -14
2023/05/21-14:36:25.510108 7f5b5414a700                  Options.compression_opts.level: 32767
2023/05/21-14:36:25.510109 7f5b5414a700               Options.compression_opts.strategy: 0
2023/05/21-14:36:25.510110 7f5b5414a700         Options.compression_opts.max_dict_bytes: 0
2023/05/21-14:36:25.510111 7f5b5414a700         Options.compression_opts.zstd_max_train_bytes: 0
2023/05/21-14:36:25.510112 7f5b5414a700                  Options.compression_opts.enabled: false
2023/05/21-14:36:25.510113 7f5b5414a700      Options.level0_file_num_compaction_trigger: 4
2023/05/21-14:36:25.510119 7f5b5414a700          Options.level0_slowdown_writes_trigger: 20
2023/05/21-14:36:25.510120 7f5b5414a700              Options.level0_stop_writes_trigger: 36
2023/05/21-14:36:25.510121 7f5b5414a700                   Options.target_file_size_base: 67108864
2023/05/21-14:36:25.510122 7f5b5414a700             Options.target_file_size_multiplier: 1
2023/05/21-14:36:25.510123 7f5b5414a700                Options.max_bytes_for_level_base: 268435456
2023/05/21-14:36:25.510124 7f5b5414a700 Options.level_compaction_dynamic_level_bytes: 0
2023/05/21-14:36:25.510125 7f5b5414a700          Options.max_bytes_for_level_multiplier: 10.000000
2023/05/21-14:36:25.510126 7f5b5414a700 Options.max_bytes_for_level_multiplier_addtl[0]: 1
2023/05/21-14:36:25.510127 7f5b5414a700 Options.max_bytes_for_level_multiplier_addtl[1]: 1
2023/05/21-14:36:25.510128 7f5b5414a700 Options.max_bytes_for_level_multiplier_addtl[2]: 1
2023/05/21-14:36:25.510129 7f5b5414a700 Options.max_bytes_for_level_multiplier_addtl[3]: 1
2023/05/21-14:36:25.510129 7f5b5414a700 Options.max_bytes_for_level_multiplier_addtl[4]: 1
2023/05/21-14:36:25.510130 7f5b5414a700 Options.max_bytes_for_level_multiplier_addtl[5]: 1
2023/05/21-14:36:25.510131 7f5b5414a700 Options.max_bytes_for_level_multiplier_addtl[6]: 1
2023/05/21-14:36:25.510132 7f5b5414a700       Options.max_sequential_skip_in_iterations: 8
2023/05/21-14:36:25.510133 7f5b5414a700                    Options.max_compaction_bytes: 1677721600
2023/05/21-14:36:25.510134 7f5b5414a700                        Options.arena_block_size: 8388608
2023/05/21-14:36:25.510135 7f5b5414a700   Options.soft_pending_compaction_bytes_limit: 68719476736
2023/05/21-14:36:25.510136 7f5b5414a700   Options.hard_pending_compaction_bytes_limit: 274877906944
2023/05/21-14:36:25.510136 7f5b5414a700       Options.rate_limit_delay_max_milliseconds: 100
2023/05/21-14:36:25.510137 7f5b5414a700                Options.disable_auto_compactions: 1
2023/05/21-14:36:25.510138 7f5b5414a700                        Options.compaction_style: kCompactionStyleLevel
2023/05/21-14:36:25.510139 7f5b5414a700                          Options.compaction_pri: kMinOverlappingRatio
2023/05/21-14:36:25.510140 7f5b5414a700 Options.compaction_options_universal.size_ratio: 1
2023/05/21-14:36:25.510141 7f5b5414a700 Options.compaction_options_universal.min_merge_width: 2
2023/05/21-14:36:25.510142 7f5b5414a700 Options.compaction_options_universal.max_merge_width: 4294967295
2023/05/21-14:36:25.510143 7f5b5414a700 Options.compaction_options_universal.max_size_amplification_percent: 200
2023/05/21-14:36:25.510143 7f5b5414a700 Options.compaction_options_universal.compression_size_percent: -1
2023/05/21-14:36:25.510144 7f5b5414a700 Options.compaction_options_universal.stop_style: kCompactionStopStyleTotalSize
2023/05/21-14:36:25.510145 7f5b5414a700 Options.compaction_options_fifo.max_table_files_size: 1073741824
2023/05/21-14:36:25.510146 7f5b5414a700 Options.compaction_options_fifo.allow_compaction: 0
2023/05/21-14:36:25.510147 7f5b5414a700                   Options.table_properties_collectors: 
2023/05/21-14:36:25.510148 7f5b5414a700                   Options.inplace_update_support: 0
2023/05/21-14:36:25.510149 7f5b5414a700                 Options.inplace_update_num_locks: 10000
2023/05/21-14:36:25.510150 7f5b5414a700               Options.memtable_prefix_bloom_size_ratio: 0.000000
2023/05/21-14:36:25.510151 7f5b5414a700               Options.memtable_whole_key_filtering: 0
2023/05/21-14:36:25.510152 7f5b5414a700   Options.memtable_huge_page_size: 0
2023/05/21-14:36:25.510152 7f5b5414a700                           Options.bloom_locality: 0
2023/05/21-14:36:25.510153 7f5b5414a700                    Options.max_successive_merges: 0
2023/05/21-14:36:25.510154 7f5b5414a700                Options.optimize_filters_for_hits: 0
2023/05/21-14:36:25.510155 7f5b5414a700                Options.paranoid_file_checks: 0
2023/05/21-14:36:25.510156 7f5b5414a700                Options.force_consistency_checks: 0
2023/05/21-14:36:25.510161 7f5b5414a700                Options.report_bg_io_stats: 0
2023/05/21-14:36:25.510162 7f5b5414a700                               Options.ttl: 2592000
2023/05/21-14:36:25.510163 7f5b5414a700          Options.periodic_compaction_seconds: 0
2023/05/21-14:36:25.510184 7f5b5414a700 [lumn_family.cc:552] --------------- Options for column family []:
2023/05/21-14:36:25.510186 7f5b5414a700               Options.comparator: leveldb.BytewiseComparator
2023/05/21-14:36:25.510187 7f5b5414a700           Options.merge_operator: None
2023/05/21-14:36:25.510187 7f5b5414a700        Options.compaction_filter: None
2023/05/21-14:36:25.510188 7f5b5414a700        Options.compaction_filter_factory: None
2023/05/21-14:36:25.510189 7f5b5414a700         Options.memtable_factory: SkipListFactory
2023/05/21-14:36:25.510190 7f5b5414a700            Options.table_factory: BlockBasedTable
2023/05/21-14:36:25.510211 7f5b5414a700            table_factory options:   flush_block_policy_factory: FlushBlockBySizePolicyFactory (0x7f5b514b0990)
  cache_index_and_filter_blocks: 0
  cache_index_and_filter_blocks_with_high_priority: 1
  pin_l0_filter_and_index_blocks_in_cache: 0
  pin_top_level_index_and_filter: 1
  index_type: 0
  data_block_index_type: 0
  index_shortening: 1
  data_block_hash_table_util_ratio: 0.750000
  hash_index_allow_collision: 1
  checksum: 1
  no_block_cache: 0
  block_cache: 0x7f5b514b09d0
  block_cache_name: LRUCache
  block_cache_options:
    capacity : 8388608
    num_shard_bits : 4
    strict_capacity_limit : 0
    memory_allocator : None
    high_pri_pool_ratio: 0.000
  block_cache_compressed: (nil)
  persistent_cache: (nil)
  block_size: 4096
  block_size_deviation: 10
  block_restart_interval: 16
  index_block_restart_interval: 1
  metadata_block_size: 4096
  partition_filters: 0
  use_delta_encoding: 1
  filter_policy: nullptr
  whole_key_filtering: 1
  verify_compression: 0
  read_amp_bytes_per_bit: 0
  format_version: 2
  enable_index_compression: 1
  block_align: 0
2023/05/21-14:36:25.510212 7f5b5414a700        Options.write_buffer_size: 67108864
2023/05/21-14:36:25.510213 7f5b5414a700  Options.max_write_buffer_number: 2
2023/05/21-14:36:25.510214 7f5b5414a700          Options.compression: Snappy
2023/05/21-14:36:25.510215 7f5b5414a700                  Options.bottommost_compression: Disabled
2023/05/21-14:36:25.510215 7f5b5414a700       Options.prefix_extractor: nullptr
2023/05/21-14:36:25.510216 7f5b5414a700   Options.memtable_insert_with_hint_prefix_extractor: nullptr
2023/05/21-14:36:25.510217 7f5b5414a700             Options.num_levels: 7
2023/05/21-14:36:25.510218 7f5b5414a700        Options.min_write_buffer_number_to_merge: 1
2023/05/21-14:36:25.510219 7f5b5414a700     Options.max_write_buffer_number_to_maintain: 0
2023/05/21-14:36:25.510220 7f5b5414a700     Options.max_write_buffer_size_to_maintain: 134217728
2023/05/21-14:36:25.510221 7f5b5414a700            Options.bottommost_compression_opts.window_bits: -14
2023/05/21-14:36:25.510221 7f5b5414a700                  Options.bottommost_compression_opts.level: 32767
2023/05/21-14:36:25.510222 7f5b5414a700               Options.bottommost_compression_opts.strategy: 0
2023/05/21-14:36:25.510223 7f5b5414a700         Options.bottommost_compression_opts.max_dict_bytes: 0
2023/05/21-14:36:25.510224 7f5b5414a700         Options.bottommost_compression_opts.zstd_max_train_bytes: 0
2023/05/21-14:36:25.510225 7f5b5414a700                  Options.bottommost_compression_opts.enabled: false
2023/05/21-14:36:25.510226 7f5b5414a700            Options.compression_opts.window_bits: -14
2023/05/21-14:36:25.510227 7f5b5414a700                  Options.compression_opts.level: 32767
2023/05/21-14:36:25.510227 7f5b5414a700               Options.compression_opts.strategy: 0
2023/05/21-14:36:25.510228 7f5b5414a700         Options.compression_opts.max_dict_bytes: 0
2023/05/21-14:36:25.510229 7f5b5414a700         Options.compression_opts.zstd_max_train_bytes: 0
2023/05/21-14:36:25.510230 7f5b5414a700                  Options.compression_opts.enabled: false
2023/05/21-14:36:25.510243 7f5b5414a700      Options.level0_file_num_compaction_trigger: 4
2023/05/21-14:36:25.510244 7f5b5414a700          Options.level0_slowdown_writes_trigger: 20
2023/05/21-14:36:25.510244 7f5b5414a700              Options.level0_stop_writes_trigger: 36
2023/05/21-14:36:25.510245 7f5b5414a700                   Options.target_file_size_base: 67108864
2023/05/21-14:36:25.510246 7f5b5414a700             Options.target_file_size_multiplier: 1
2023/05/21-14:36:25.510247 7f5b5414a700                Options.max_bytes_for_level_base: 268435456
2023/05/21-14:36:25.510248 7f5b5414a700 Options.level_compaction_dynamic_level_bytes: 0
2023/05/21-14:36:25.510249 7f5b5414a700          Options.max_bytes_for_level_multiplier: 10.000000
2023/05/21-14:36:25.510250 7f5b5414a700 Options.max_bytes_for_level_multiplier_addtl[0]: 1
2023/05/21-14:36:25.510251 7f5b5414a700 Options.max_bytes_for_level_multiplier_addtl[1]: 1
2023/05/21-14:36:25.510252 7f5b5414a700 Options.max_bytes_for_level_multiplier_addtl[2]: 1
2023/05/21-14:36:25.510253 7f5b5414a700 Options.max_bytes_for_level_multiplier_addtl[3]: 1
2023/05/21-14:36:25.510254 7f5b5414a700 Options.max_bytes_for_level_multiplier_addtl[4]: 1
2023/05/21-14:36:25.510254 7f5b5414a700 Options.max_bytes_for_level_multiplier_addtl[5]: 1
2023/05/21-14:36:25.510255 7f5b5414a700 Options.max_bytes_for_level_multiplier_addtl[6]: 1
2023/05/21-14:36:25.510256 7f5b5414a700       Options.max_sequential_skip_in_iterations: 8
2023/05/21-14:36:25.510257 7f5b5414a700                    Options.max_compaction_bytes: 1677721600
2023/05/21-14:36:25.510258 7f5b5414a700                        Options.arena_block_size: 8388608
2023/05/21-14:36:25.510259 7f5b5414a700   Options.soft_pending_compaction_bytes_limit: 68719476736
2023/05/21-14:36:25.510260 7f5b5414a700   Options.hard_pending_compaction_bytes_limit: 274877906944
2023/05/21-14:36:25.510261 7f5b5414a700       Options.rate_limit_delay_max_milliseconds: 100
2023/05/21-14:36:25.510261 7f5b5414a700                Options.disable_auto_compactions: 1
2023/05/21-14:36:25.510262 7f5b5414a700                        Options.compaction_style: kCompactionStyleLevel
2023/05/21-14:36:25.510263 7f5b5414a700                          Options.compaction_pri: kMinOverlappingRatio
2023/05/21-14:36:25.510264 7f5b5414a700 Options.compaction_options_universal.size_ratio: 1
2023/05/21-14:36:25.510265 7f5b5414a700 Options.compaction_options_universal.min_merge_width: 2
2023/05/21-14:36:25.510266 7f5b5414a700 Options.compaction_options_universal.max_merge_width: 4294967295
2023/05/21-14:36:25.510267 7f5b5414a700 Options.compaction_options_universal.max_size_amplification_percent: 200
2023/05/21-14:36:25.510268 7f5b5414a700 Options.compaction_options_universal.compression_size_percent: -1
2023/05/21-14:36:25.510268 7f5b5414a700 Options.compaction_options_universal.stop_style: kCompactionStopStyleTotalSize
2023/05/21-14:36:25.510269 7f5b5414a700 Options.compaction_options_fifo.max_table_files_size: 1073741824
