2023/05/21-16:05:52.015132 7f3a2931d700 RocksDB version: 6.8.1
2023/05/21-16:05:52.015266 7f3a2931d700 Git sha rocksdb_build_git_sha:
2023/05/21-16:05:52.015271 7f3a2931d700 Compile date Apr 26 2020
2023/05/21-16:05:52.015279 7f3a2931d700 DB SUMMARY
2023/05/21-16:05:52.015326 7f3a2931d700 CURRENT file:  CURRENT
2023/05/21-16:05:52.015328 7f3a2931d700 IDENTITY file:  IDENTITY
2023/05/21-16:05:52.015331 7f3a2931d700 MANIFEST file:  MANIFEST-000030 size: 719 Bytes
2023/05/21-16:05:52.015333 7f3a2931d700 SST files in /opt/besu/data/database dir, Total Num: 2, files: 000028.sst 000029.sst 
2023/05/21-16:05:52.015334 7f3a2931d700 Write Ahead Log file in /opt/besu/data/database: 000003.log size: 84399 ; 000031.log size: 2038045 ; 
2023/05/21-16:05:52.015337 7f3a2931d700                         Options.error_if_exists: 0
2023/05/21-16:05:52.015339 7f3a2931d700                       Options.create_if_missing: 1
2023/05/21-16:05:52.015339 7f3a2931d700                         Options.paranoid_checks: 1
2023/05/21-16:05:52.015340 7f3a2931d700                                     Options.env: 0x7f39cef78280
2023/05/21-16:05:52.015342 7f3a2931d700                                      Options.fs: Posix File System
2023/05/21-16:05:52.015343 7f3a2931d700                                Options.info_log: 0x7f3a2526ece0
2023/05/21-16:05:52.015344 7f3a2931d700                Options.max_file_opening_threads: 16
2023/05/21-16:05:52.015345 7f3a2931d700                              Options.statistics: 0x7f3a2520a1c0
2023/05/21-16:05:52.015346 7f3a2931d700                               Options.use_fsync: 0
2023/05/21-16:05:52.015346 7f3a2931d700                       Options.max_log_file_size: 0
2023/05/21-16:05:52.015347 7f3a2931d700                  Options.max_manifest_file_size: 1073741824
2023/05/21-16:05:52.015348 7f3a2931d700                   Options.log_file_time_to_roll: 0
2023/05/21-16:05:52.015349 7f3a2931d700                       Options.keep_log_file_num: 1000
2023/05/21-16:05:52.015350 7f3a2931d700                    Options.recycle_log_file_num: 0
2023/05/21-16:05:52.015351 7f3a2931d700                         Options.allow_fallocate: 1
2023/05/21-16:05:52.015352 7f3a2931d700                        Options.allow_mmap_reads: 0
2023/05/21-16:05:52.015353 7f3a2931d700                       Options.allow_mmap_writes: 0
2023/05/21-16:05:52.015354 7f3a2931d700                        Options.use_direct_reads: 0
2023/05/21-16:05:52.015355 7f3a2931d700                        Options.use_direct_io_for_flush_and_compaction: 0
2023/05/21-16:05:52.015355 7f3a2931d700          Options.create_missing_column_families: 1
2023/05/21-16:05:52.015356 7f3a2931d700                              Options.db_log_dir: 
2023/05/21-16:05:52.015357 7f3a2931d700                                 Options.wal_dir: /opt/besu/data/database
2023/05/21-16:05:52.015358 7f3a2931d700                Options.table_cache_numshardbits: 6
2023/05/21-16:05:52.015359 7f3a2931d700                      Options.max_subcompactions: 1
2023/05/21-16:05:52.015360 7f3a2931d700                  Options.max_background_flushes: -1
2023/05/21-16:05:52.015361 7f3a2931d700                         Options.WAL_ttl_seconds: 0
2023/05/21-16:05:52.015362 7f3a2931d700                       Options.WAL_size_limit_MB: 0
2023/05/21-16:05:52.015363 7f3a2931d700                        Options.max_write_batch_group_size_bytes: 1048576
2023/05/21-16:05:52.015364 7f3a2931d700             Options.manifest_preallocation_size: 4194304
2023/05/21-16:05:52.015365 7f3a2931d700                     Options.is_fd_close_on_exec: 1
2023/05/21-16:05:52.015365 7f3a2931d700                   Options.advise_random_on_open: 1
2023/05/21-16:05:52.015366 7f3a2931d700                    Options.db_write_buffer_size: 0
2023/05/21-16:05:52.015367 7f3a2931d700                    Options.write_buffer_manager: 0x7f3a2526ec10
2023/05/21-16:05:52.015368 7f3a2931d700         Options.access_hint_on_compaction_start: 1
2023/05/21-16:05:52.015369 7f3a2931d700  Options.new_table_reader_for_compaction_inputs: 0
2023/05/21-16:05:52.015370 7f3a2931d700           Options.random_access_max_buffer_size: 1048576
2023/05/21-16:05:52.015409 7f3a2931d700                      Options.use_adaptive_mutex: 0
2023/05/21-16:05:52.015411 7f3a2931d700                            Options.rate_limiter: (nil)
2023/05/21-16:05:52.015414 7f3a2931d700     Options.sst_file_manager.rate_bytes_per_sec: 0
2023/05/21-16:05:52.015415 7f3a2931d700                       Options.wal_recovery_mode: 2
2023/05/21-16:05:52.015416 7f3a2931d700                  Options.enable_thread_tracking: 0
2023/05/21-16:05:52.015417 7f3a2931d700                  Options.enable_pipelined_write: 0
2023/05/21-16:05:52.015417 7f3a2931d700                  Options.unordered_write: 0
2023/05/21-16:05:52.015418 7f3a2931d700         Options.allow_concurrent_memtable_write: 1
2023/05/21-16:05:52.015419 7f3a2931d700      Options.enable_write_thread_adaptive_yield: 1
2023/05/21-16:05:52.015420 7f3a2931d700             Options.write_thread_max_yield_usec: 100
2023/05/21-16:05:52.015421 7f3a2931d700            Options.write_thread_slow_yield_usec: 3
2023/05/21-16:05:52.015422 7f3a2931d700                               Options.row_cache: None
2023/05/21-16:05:52.015423 7f3a2931d700                              Options.wal_filter: None
2023/05/21-16:05:52.015424 7f3a2931d700             Options.avoid_flush_during_recovery: 0
2023/05/21-16:05:52.015425 7f3a2931d700             Options.allow_ingest_behind: 0
2023/05/21-16:05:52.015425 7f3a2931d700             Options.preserve_deletes: 0
2023/05/21-16:05:52.015426 7f3a2931d700             Options.two_write_queues: 0
2023/05/21-16:05:52.015427 7f3a2931d700             Options.manual_wal_flush: 0
2023/05/21-16:05:52.015428 7f3a2931d700             Options.atomic_flush: 0
2023/05/21-16:05:52.015429 7f3a2931d700             Options.avoid_unnecessary_blocking_io: 0
2023/05/21-16:05:52.015430 7f3a2931d700                 Options.persist_stats_to_disk: 0
2023/05/21-16:05:52.015430 7f3a2931d700                 Options.write_dbid_to_manifest: 0
2023/05/21-16:05:52.015431 7f3a2931d700                 Options.log_readahead_size: 0
2023/05/21-16:05:52.015432 7f3a2931d700                 Options.sst_file_checksum_func: Unknown
2023/05/21-16:05:52.015435 7f3a2931d700             Options.max_background_jobs: 2
2023/05/21-16:05:52.015435 7f3a2931d700             Options.max_background_compactions: 4
2023/05/21-16:05:52.015436 7f3a2931d700             Options.avoid_flush_during_shutdown: 0
2023/05/21-16:05:52.015437 7f3a2931d700           Options.writable_file_max_buffer_size: 1048576
2023/05/21-16:05:52.015438 7f3a2931d700             Options.delayed_write_rate : 16777216
2023/05/21-16:05:52.015439 7f3a2931d700             Options.max_total_wal_size: 0
2023/05/21-16:05:52.015440 7f3a2931d700             Options.delete_obsolete_files_period_micros: 21600000000
2023/05/21-16:05:52.015441 7f3a2931d700                   Options.stats_dump_period_sec: 600
2023/05/21-16:05:52.015442 7f3a2931d700                 Options.stats_persist_period_sec: 600
2023/05/21-16:05:52.015443 7f3a2931d700                 Options.stats_history_buffer_size: 1048576
2023/05/21-16:05:52.015443 7f3a2931d700                          Options.max_open_files: 1024
2023/05/21-16:05:52.015444 7f3a2931d700                          Options.bytes_per_sync: 0
2023/05/21-16:05:52.015445 7f3a2931d700                      Options.wal_bytes_per_sync: 0
2023/05/21-16:05:52.015446 7f3a2931d700                   Options.strict_bytes_per_sync: 0
2023/05/21-16:05:52.015447 7f3a2931d700       Options.compaction_readahead_size: 0
2023/05/21-16:05:52.015448 7f3a2931d700 Compression algorithms supported:
2023/05/21-16:05:52.015449 7f3a2931d700 	kZSTDNotFinalCompression supported: 1
2023/05/21-16:05:52.015455 7f3a2931d700 	kZSTD supported: 1
2023/05/21-16:05:52.015456 7f3a2931d700 	kXpressCompression supported: 0
2023/05/21-16:05:52.015457 7f3a2931d700 	kLZ4HCCompression supported: 1
2023/05/21-16:05:52.015458 7f3a2931d700 	kLZ4Compression supported: 1
2023/05/21-16:05:52.015459 7f3a2931d700 	kBZip2Compression supported: 1
2023/05/21-16:05:52.015460 7f3a2931d700 	kZlibCompression supported: 1
2023/05/21-16:05:52.015461 7f3a2931d700 	kSnappyCompression supported: 1
2023/05/21-16:05:52.015497 7f3a2931d700 Fast CRC32 supported: Not supported on x86
2023/05/21-16:05:52.019260 7f3a2931d700 [rsion_set.cc:4413] Recovering from manifest file: /opt/besu/data/database/MANIFEST-000030
2023/05/21-16:05:52.019377 7f3a2931d700 [lumn_family.cc:552] --------------- Options for column family [default]:
2023/05/21-16:05:52.019381 7f3a2931d700               Options.comparator: leveldb.BytewiseComparator
2023/05/21-16:05:52.019382 7f3a2931d700           Options.merge_operator: None
2023/05/21-16:05:52.019383 7f3a2931d700        Options.compaction_filter: None
2023/05/21-16:05:52.019383 7f3a2931d700        Options.compaction_filter_factory: None
2023/05/21-16:05:52.019384 7f3a2931d700         Options.memtable_factory: SkipListFactory
2023/05/21-16:05:52.019385 7f3a2931d700            Options.table_factory: BlockBasedTable
2023/05/21-16:05:52.019418 7f3a2931d700            table_factory options:   flush_block_policy_factory: FlushBlockBySizePolicyFactory (0x7f3a2520cb70)
  cache_index_and_filter_blocks: 0
  cache_index_and_filter_blocks_with_high_priority: 0
  pin_l0_filter_and_index_blocks_in_cache: 0
  pin_top_level_index_and_filter: 1
  index_type: 0
  data_block_index_type: 0
  index_shortening: 1
  data_block_hash_table_util_ratio: 0.750000
  hash_index_allow_collision: 1
  checksum: 1
  no_block_cache: 0
  block_cache: 0x7f3a2520a8b0
  block_cache_name: LRUCache
  block_cache_options:
    capacity : 8388608
    num_shard_bits : 4
    strict_capacity_limit : 0
    memory_allocator : None
    high_pri_pool_ratio: 0.000
  block_cache_compressed: (nil)
  persistent_cache: (nil)
  block_size: 4096
  block_size_deviation: 10
  block_restart_interval: 16
  index_block_restart_interval: 1
  metadata_block_size: 4096
  partition_filters: 0
  use_delta_encoding: 1
  filter_policy: nullptr
  whole_key_filtering: 1
  verify_compression: 1
  read_amp_bytes_per_bit: 0
  format_version: 2
  enable_index_compression: 1
  block_align: 0
2023/05/21-16:05:52.019421 7f3a2931d700        Options.write_buffer_size: 67108864
2023/05/21-16:05:52.019423 7f3a2931d700  Options.max_write_buffer_number: 2
2023/05/21-16:05:52.019424 7f3a2931d700          Options.compression: Snappy
2023/05/21-16:05:52.019425 7f3a2931d700                  Options.bottommost_compression: Disabled
2023/05/21-16:05:52.019426 7f3a2931d700       Options.prefix_extractor: nullptr
2023/05/21-16:05:52.019427 7f3a2931d700   Options.memtable_insert_with_hint_prefix_extractor: nullptr
2023/05/21-16:05:52.019428 7f3a2931d700             Options.num_levels: 7
2023/05/21-16:05:52.019429 7f3a2931d700        Options.min_write_buffer_number_to_merge: 1
2023/05/21-16:05:52.019429 7f3a2931d700     Options.max_write_buffer_number_to_maintain: 0
2023/05/21-16:05:52.019430 7f3a2931d700     Options.max_write_buffer_size_to_maintain: 134217728
2023/05/21-16:05:52.019431 7f3a2931d700            Options.bottommost_compression_opts.window_bits: -14
2023/05/21-16:05:52.019432 7f3a2931d700                  Options.bottommost_compression_opts.level: 32767
2023/05/21-16:05:52.019433 7f3a2931d700               Options.bottommost_compression_opts.strategy: 0
2023/05/21-16:05:52.019434 7f3a2931d700         Options.bottommost_compression_opts.max_dict_bytes: 0
2023/05/21-16:05:52.019435 7f3a2931d700         Options.bottommost_compression_opts.zstd_max_train_bytes: 0
2023/05/21-16:05:52.019436 7f3a2931d700                  Options.bottommost_compression_opts.enabled: false
2023/05/21-16:05:52.019437 7f3a2931d700            Options.compression_opts.window_bits: -14
2023/05/21-16:05:52.019438 7f3a2931d700                  Options.compression_opts.level: 32767
2023/05/21-16:05:52.019439 7f3a2931d700               Options.compression_opts.strategy: 0
2023/05/21-16:05:52.019439 7f3a2931d700         Options.compression_opts.max_dict_bytes: 0
2023/05/21-16:05:52.019440 7f3a2931d700         Options.compression_opts.zstd_max_train_bytes: 0
2023/05/21-16:05:52.019441 7f3a2931d700                  Options.compression_opts.enabled: false
2023/05/21-16:05:52.019505 7f3a2931d700      Options.level0_file_num_compaction_trigger: 4
2023/05/21-16:05:52.019508 7f3a2931d700          Options.level0_slowdown_writes_trigger: 20
2023/05/21-16:05:52.019509 7f3a2931d700              Options.level0_stop_writes_trigger: 36
2023/05/21-16:05:52.019509 7f3a2931d700                   Options.target_file_size_base: 67108864
2023/05/21-16:05:52.019510 7f3a2931d700             Options.target_file_size_multiplier: 1
2023/05/21-16:05:52.019511 7f3a2931d700                Options.max_bytes_for_level_base: 268435456
2023/05/21-16:05:52.019512 7f3a2931d700 Options.level_compaction_dynamic_level_bytes: 0
2023/05/21-16:05:52.019513 7f3a2931d700          Options.max_bytes_for_level_multiplier: 10.000000
2023/05/21-16:05:52.019515 7f3a2931d700 Options.max_bytes_for_level_multiplier_addtl[0]: 1
2023/05/21-16:05:52.019516 7f3a2931d700 Options.max_bytes_for_level_multiplier_addtl[1]: 1
2023/05/21-16:05:52.019517 7f3a2931d700 Options.max_bytes_for_level_multiplier_addtl[2]: 1
2023/05/21-16:05:52.019518 7f3a2931d700 Options.max_bytes_for_level_multiplier_addtl[3]: 1
2023/05/21-16:05:52.019519 7f3a2931d700 Options.max_bytes_for_level_multiplier_addtl[4]: 1
2023/05/21-16:05:52.019519 7f3a2931d700 Options.max_bytes_for_level_multiplier_addtl[5]: 1
2023/05/21-16:05:52.019520 7f3a2931d700 Options.max_bytes_for_level_multiplier_addtl[6]: 1
2023/05/21-16:05:52.019521 7f3a2931d700       Options.max_sequential_skip_in_iterations: 8
2023/05/21-16:05:52.019522 7f3a2931d700                    Options.max_compaction_bytes: 1677721600
2023/05/21-16:05:52.019523 7f3a2931d700                        Options.arena_block_size: 8388608
2023/05/21-16:05:52.019524 7f3a2931d700   Options.soft_pending_compaction_bytes_limit: 68719476736
2023/05/21-16:05:52.019525 7f3a2931d700   Options.hard_pending_compaction_bytes_limit: 274877906944
2023/05/21-16:05:52.019526 7f3a2931d700       Options.rate_limit_delay_max_milliseconds: 100
2023/05/21-16:05:52.019527 7f3a2931d700                Options.disable_auto_compactions: 1
2023/05/21-16:05:52.019528 7f3a2931d700                        Options.compaction_style: kCompactionStyleLevel
2023/05/21-16:05:52.019529 7f3a2931d700                          Options.compaction_pri: kMinOverlappingRatio
2023/05/21-16:05:52.019530 7f3a2931d700 Options.compaction_options_universal.size_ratio: 1
2023/05/21-16:05:52.019531 7f3a2931d700 Options.compaction_options_universal.min_merge_width: 2
2023/05/21-16:05:52.019532 7f3a2931d700 Options.compaction_options_universal.max_merge_width: 4294967295
2023/05/21-16:05:52.019533 7f3a2931d700 Options.compaction_options_universal.max_size_amplification_percent: 200
2023/05/21-16:05:52.019534 7f3a2931d700 Options.compaction_options_universal.compression_size_percent: -1
2023/05/21-16:05:52.019535 7f3a2931d700 Options.compaction_options_universal.stop_style: kCompactionStopStyleTotalSize
2023/05/21-16:05:52.019536 7f3a2931d700 Options.compaction_options_fifo.max_table_files_size: 1073741824
2023/05/21-16:05:52.019537 7f3a2931d700 Options.compaction_options_fifo.allow_compaction: 0
2023/05/21-16:05:52.019537 7f3a2931d700                   Options.table_properties_collectors: 
2023/05/21-16:05:52.019538 7f3a2931d700                   Options.inplace_update_support: 0
2023/05/21-16:05:52.019539 7f3a2931d700                 Options.inplace_update_num_locks: 10000
2023/05/21-16:05:52.019540 7f3a2931d700               Options.memtable_prefix_bloom_size_ratio: 0.000000
2023/05/21-16:05:52.019541 7f3a2931d700               Options.memtable_whole_key_filtering: 0
2023/05/21-16:05:52.019542 7f3a2931d700   Options.memtable_huge_page_size: 0
2023/05/21-16:05:52.019543 7f3a2931d700                           Options.bloom_locality: 0
2023/05/21-16:05:52.019544 7f3a2931d700                    Options.max_successive_merges: 0
2023/05/21-16:05:52.019545 7f3a2931d700                Options.optimize_filters_for_hits: 0
2023/05/21-16:05:52.019546 7f3a2931d700                Options.paranoid_file_checks: 0
2023/05/21-16:05:52.019546 7f3a2931d700                Options.force_consistency_checks: 0
2023/05/21-16:05:52.019573 7f3a2931d700                Options.report_bg_io_stats: 0
2023/05/21-16:05:52.019574 7f3a2931d700                               Options.ttl: 2592000
2023/05/21-16:05:52.019575 7f3a2931d700          Options.periodic_compaction_seconds: 0
2023/05/21-16:05:52.022383 7f3a2931d700 [lumn_family.cc:552] --------------- Options for column family []:
2023/05/21-16:05:52.022390 7f3a2931d700               Options.comparator: leveldb.BytewiseComparator
2023/05/21-16:05:52.022391 7f3a2931d700           Options.merge_operator: None
2023/05/21-16:05:52.022392 7f3a2931d700        Options.compaction_filter: None
2023/05/21-16:05:52.022393 7f3a2931d700        Options.compaction_filter_factory: None
2023/05/21-16:05:52.022394 7f3a2931d700         Options.memtable_factory: SkipListFactory
2023/05/21-16:05:52.022395 7f3a2931d700            Options.table_factory: BlockBasedTable
2023/05/21-16:05:52.022422 7f3a2931d700            table_factory options:   flush_block_policy_factory: FlushBlockBySizePolicyFactory (0x7f3a25205d20)
  cache_index_and_filter_blocks: 0
  cache_index_and_filter_blocks_with_high_priority: 1
  pin_l0_filter_and_index_blocks_in_cache: 0
  pin_top_level_index_and_filter: 1
  index_type: 0
  data_block_index_type: 0
  index_shortening: 1
  data_block_hash_table_util_ratio: 0.750000
  hash_index_allow_collision: 1
  checksum: 1
  no_block_cache: 0
  block_cache: 0x7f3a25205ff0
  block_cache_name: LRUCache
  block_cache_options:
    capacity : 8388608
    num_shard_bits : 4
    strict_capacity_limit : 0
    memory_allocator : None
    high_pri_pool_ratio: 0.000
  block_cache_compressed: (nil)
  persistent_cache: (nil)
  block_size: 4096
  block_size_deviation: 10
  block_restart_interval: 16
  index_block_restart_interval: 1
  metadata_block_size: 4096
  partition_filters: 0
  use_delta_encoding: 1
  filter_policy: nullptr
  whole_key_filtering: 1
  verify_compression: 0
  read_amp_bytes_per_bit: 0
  format_version: 2
  enable_index_compression: 1
  block_align: 0
2023/05/21-16:05:52.022423 7f3a2931d700        Options.write_buffer_size: 67108864
2023/05/21-16:05:52.022425 7f3a2931d700  Options.max_write_buffer_number: 2
2023/05/21-16:05:52.022426 7f3a2931d700          Options.compression: Snappy
2023/05/21-16:05:52.022427 7f3a2931d700                  Options.bottommost_compression: Disabled
2023/05/21-16:05:52.022428 7f3a2931d700       Options.prefix_extractor: nullptr
2023/05/21-16:05:52.022429 7f3a2931d700   Options.memtable_insert_with_hint_prefix_extractor: nullptr
2023/05/21-16:05:52.022430 7f3a2931d700             Options.num_levels: 7
2023/05/21-16:05:52.022431 7f3a2931d700        Options.min_write_buffer_number_to_merge: 1
2023/05/21-16:05:52.022432 7f3a2931d700     Options.max_write_buffer_number_to_maintain: 0
2023/05/21-16:05:52.022432 7f3a2931d700     Options.max_write_buffer_size_to_maintain: 134217728
2023/05/21-16:05:52.022433 7f3a2931d700            Options.bottommost_compression_opts.window_bits: -14
2023/05/21-16:05:52.022434 7f3a2931d700                  Options.bottommost_compression_opts.level: 32767
2023/05/21-16:05:52.022435 7f3a2931d700               Options.bottommost_compression_opts.strategy: 0
2023/05/21-16:05:52.022436 7f3a2931d700         Options.bottommost_compression_opts.max_dict_bytes: 0
2023/05/21-16:05:52.022437 7f3a2931d700         Options.bottommost_compression_opts.zstd_max_train_bytes: 0
2023/05/21-16:05:52.022438 7f3a2931d700                  Options.bottommost_compression_opts.enabled: false
2023/05/21-16:05:52.022439 7f3a2931d700            Options.compression_opts.window_bits: -14
2023/05/21-16:05:52.022440 7f3a2931d700                  Options.compression_opts.level: 32767
2023/05/21-16:05:52.022441 7f3a2931d700               Options.compression_opts.strategy: 0
2023/05/21-16:05:52.022442 7f3a2931d700         Options.compression_opts.max_dict_bytes: 0
2023/05/21-16:05:52.022442 7f3a2931d700         Options.compression_opts.zstd_max_train_bytes: 0
2023/05/21-16:05:52.022443 7f3a2931d700                  Options.compression_opts.enabled: false
2023/05/21-16:05:52.022512 7f3a2931d700      Options.level0_file_num_compaction_trigger: 4
2023/05/21-16:05:52.022514 7f3a2931d700          Options.level0_slowdown_writes_trigger: 20
2023/05/21-16:05:52.022515 7f3a2931d700              Options.level0_stop_writes_trigger: 36
2023/05/21-16:05:52.022516 7f3a2931d700                   Options.target_file_size_base: 67108864
2023/05/21-16:05:52.022517 7f3a2931d700             Options.target_file_size_multiplier: 1
2023/05/21-16:05:52.022518 7f3a2931d700                Options.max_bytes_for_level_base: 268435456
2023/05/21-16:05:52.022519 7f3a2931d700 Options.level_compaction_dynamic_level_bytes: 0
2023/05/21-16:05:52.022520 7f3a2931d700          Options.max_bytes_for_level_multiplier: 10.000000
2023/05/21-16:05:52.022521 7f3a2931d700 Options.max_bytes_for_level_multiplier_addtl[0]: 1
2023/05/21-16:05:52.022522 7f3a2931d700 Options.max_bytes_for_level_multiplier_addtl[1]: 1
2023/05/21-16:05:52.022523 7f3a2931d700 Options.max_bytes_for_level_multiplier_addtl[2]: 1
2023/05/21-16:05:52.022524 7f3a2931d700 Options.max_bytes_for_level_multiplier_addtl[3]: 1
2023/05/21-16:05:52.022525 7f3a2931d700 Options.max_bytes_for_level_multiplier_addtl[4]: 1
2023/05/21-16:05:52.022526 7f3a2931d700 Options.max_bytes_for_level_multiplier_addtl[5]: 1
2023/05/21-16:05:52.022527 7f3a2931d700 Options.max_bytes_for_level_multiplier_addtl[6]: 1
2023/05/21-16:05:52.022528 7f3a2931d700       Options.max_sequential_skip_in_iterations: 8
2023/05/21-16:05:52.022529 7f3a2931d700                    Options.max_compaction_bytes: 1677721600
2023/05/21-16:05:52.022530 7f3a2931d700                        Options.arena_block_size: 8388608
2023/05/21-16:05:52.022531 7f3a2931d700   Options.soft_pending_compaction_bytes_limit: 68719476736
2023/05/21-16:05:52.022532 7f3a2931d700   Options.hard_pending_compaction_bytes_limit: 274877906944
2023/05/21-16:05:52.022533 7f3a2931d700       Options.rate_limit_delay_max_milliseconds: 100
2023/05/21-16:05:52.022534 7f3a2931d700                Options.disable_auto_compactions: 1
2023/05/21-16:05:52.022535 7f3a2931d700                        Options.compaction_style: kCompactionStyleLevel
2023/05/21-16:05:52.022536 7f3a2931d700                          Options.compaction_pri: kMinOverlappingRatio
2023/05/21-16:05:52.022537 7f3a2931d700 Options.compaction_options_universal.size_ratio: 1
2023/05/21-16:05:52.022538 7f3a2931d700 Options.compaction_options_universal.min_merge_width: 2
2023/05/21-16:05:52.022539 7f3a2931d700 Options.compaction_options_universal.max_merge_width: 4294967295
2023/05/21-16:05:52.022540 7f3a2931d700 Options.compaction_options_universal.max_size_amplification_percent: 200
2023/05/21-16:05:52.022541 7f3a2931d700 Options.compaction_options_universal.compression_size_percent: -1
2023/05/21-16:05:52.022542 7f3a2931d700 Options.compaction_options_universal.stop_style: kCompactionStopStyleTotalSize
2023/05/21-16:05:52.022543 7f3a2931d700 Options.compaction_options_fifo.max_table_files_size: 1073741824
2023/05/21-16:05:52.022543 7f3a2931d700 Options.compaction_options_fifo.allow_compaction: 0
2023/05/21-16:05:52.022544 7f3a2931d700                   Options.table_properties_collectors: 
2023/05/21-16:05:52.022545 7f3a2931d700                   Options.inplace_update_support: 0
2023/05/21-16:05:52.022546 7f3a2931d700                 Options.inplace_update_num_locks: 10000
2023/05/21-16:05:52.022547 7f3a2931d700               Options.memtable_prefix_bloom_size_ratio: 0.000000
2023/05/21-16:05:52.022548 7f3a2931d700               Options.memtable_whole_key_filtering: 0
2023/05/21-16:05:52.022549 7f3a2931d700   Options.memtable_huge_page_size: 0
2023/05/21-16:05:52.022550 7f3a2931d700                           Options.bloom_locality: 0
2023/05/21-16:05:52.022551 7f3a2931d700                    Options.max_successive_merges: 0
2023/05/21-16:05:52.022552 7f3a2931d700                Options.optimize_filters_for_hits: 0
2023/05/21-16:05:52.022553 7f3a2931d700                Options.paranoid_file_checks: 0
2023/05/21-16:05:52.022553 7f3a2931d700                Options.force_consistency_checks: 0
2023/05/21-16:05:52.022581 7f3a2931d700                Options.report_bg_io_stats: 0
2023/05/21-16:05:52.022582 7f3a2931d700                               Options.ttl: 2592000
2023/05/21-16:05:52.022583 7f3a2931d700          Options.periodic_compaction_seconds: 0
2023/05/21-16:05:52.022619 7f3a2931d700 [lumn_family.cc:552] --------------- Options for column family []:
2023/05/21-16:05:52.022621 7f3a2931d700               Options.comparator: leveldb.BytewiseComparator
2023/05/21-16:05:52.022622 7f3a2931d700           Options.merge_operator: None
2023/05/21-16:05:52.022623 7f3a2931d700        Options.compaction_filter: None
2023/05/21-16:05:52.022624 7f3a2931d700        Options.compaction_filter_factory: None
2023/05/21-16:05:52.022624 7f3a2931d700         Options.memtable_factory: SkipListFactory
2023/05/21-16:05:52.022625 7f3a2931d700            Options.table_factory: BlockBasedTable
2023/05/21-16:05:52.022646 7f3a2931d700            table_factory options:   flush_block_policy_factory: FlushBlockBySizePolicyFactory (0x7f3a25204d50)
  cache_index_and_filter_blocks: 0
  cache_index_and_filter_blocks_with_high_priority: 1
  pin_l0_filter_and_index_blocks_in_cache: 0
  pin_top_level_index_and_filter: 1
  index_type: 0
  data_block_index_type: 0
  index_shortening: 1
  data_block_hash_table_util_ratio: 0.750000
  hash_index_allow_collision: 1
  checksum: 1
  no_block_cache: 0
  block_cache: 0x7f3a25204d90
  block_cache_name: LRUCache
  block_cache_options:
    capacity : 8388608
    num_shard_bits : 4
    strict_capacity_limit : 0
    memory_allocator : None
    high_pri_pool_ratio: 0.000
  block_cache_compressed: (nil)
  persistent_cache: (nil)
  block_size: 4096
  block_size_deviation: 10
  block_restart_interval: 16
  index_block_restart_interval: 1
  metadata_block_size: 4096
  partition_filters: 0
  use_delta_encoding: 1
  filter_policy: nullptr
  whole_key_filtering: 1
  verify_compression: 0
  read_amp_bytes_per_bit: 0
  format_version: 2
  enable_index_compression: 1
  block_align: 0
2023/05/21-16:05:52.022648 7f3a2931d700        Options.write_buffer_size: 67108864
2023/05/21-16:05:52.022649 7f3a2931d700  Options.max_write_buffer_number: 2
2023/05/21-16:05:52.022650 7f3a2931d700          Options.compression: Snappy
2023/05/21-16:05:52.022651 7f3a2931d700                  Options.bottommost_compression: Disabled
2023/05/21-16:05:52.022652 7f3a2931d700       Options.prefix_extractor: nullptr
2023/05/21-16:05:52.022652 7f3a2931d700   Options.memtable_insert_with_hint_prefix_extractor: nullptr
2023/05/21-16:05:52.022653 7f3a2931d700             Options.num_levels: 7
2023/05/21-16:05:52.022654 7f3a2931d700        Options.min_write_buffer_number_to_merge: 1
2023/05/21-16:05:52.022655 7f3a2931d700     Options.max_write_buffer_number_to_maintain: 0
2023/05/21-16:05:52.022656 7f3a2931d700     Options.max_write_buffer_size_to_maintain: 134217728
2023/05/21-16:05:52.022657 7f3a2931d700            Options.bottommost_compression_opts.window_bits: -14
2023/05/21-16:05:52.022658 7f3a2931d700                  Options.bottommost_compression_opts.level: 32767
2023/05/21-16:05:52.022659 7f3a2931d700               Options.bottommost_compression_opts.strategy: 0
2023/05/21-16:05:52.022660 7f3a2931d700         Options.bottommost_compression_opts.max_dict_bytes: 0
2023/05/21-16:05:52.022660 7f3a2931d700         Options.bottommost_compression_opts.zstd_max_train_bytes: 0
2023/05/21-16:05:52.022661 7f3a2931d700                  Options.bottommost_compression_opts.enabled: false
2023/05/21-16:05:52.022662 7f3a2931d700            Options.compression_opts.window_bits: -14
2023/05/21-16:05:52.022663 7f3a2931d700                  Options.compression_opts.level: 32767
2023/05/21-16:05:52.022664 7f3a2931d700               Options.compression_opts.strategy: 0
2023/05/21-16:05:52.022665 7f3a2931d700         Options.compression_opts.max_dict_bytes: 0
2023/05/21-16:05:52.022666 7f3a2931d700         Options.compression_opts.zstd_max_train_bytes: 0
2023/05/21-16:05:52.022667 7f3a2931d700                  Options.compression_opts.enabled: false
2023/05/21-16:05:52.022704 7f3a2931d700      Options.level0_file_num_compaction_trigger: 4
2023/05/21-16:05:52.022706 7f3a2931d700          Options.level0_slowdown_writes_trigger: 20
2023/05/21-16:05:52.022707 7f3a2931d700              Options.level0_stop_writes_trigger: 36
2023/05/21-16:05:52.022708 7f3a2931d700                   Options.target_file_size_base: 67108864
2023/05/21-16:05:52.022709 7f3a2931d700             Options.target_file_size_multiplier: 1
2023/05/21-16:05:52.022710 7f3a2931d700                Options.max_bytes_for_level_base: 268435456
2023/05/21-16:05:52.022711 7f3a2931d700 Options.level_compaction_dynamic_level_bytes: 0
2023/05/21-16:05:52.022712 7f3a2931d700          Options.max_bytes_for_level_multiplier: 10.000000
2023/05/21-16:05:52.022713 7f3a2931d700 Options.max_bytes_for_level_multiplier_addtl[0]: 1
2023/05/21-16:05:52.022714 7f3a2931d700 Options.max_bytes_for_level_multiplier_addtl[1]: 1
2023/05/21-16:05:52.022715 7f3a2931d700 Options.max_bytes_for_level_multiplier_addtl[2]: 1
2023/05/21-16:05:52.022716 7f3a2931d700 Options.max_bytes_for_level_multiplier_addtl[3]: 1
2023/05/21-16:05:52.022717 7f3a2931d700 Options.max_bytes_for_level_multiplier_addtl[4]: 1
2023/05/21-16:05:52.022718 7f3a2931d700 Options.max_bytes_for_level_multiplier_addtl[5]: 1
2023/05/21-16:05:52.022718 7f3a2931d700 Options.max_bytes_for_level_multiplier_addtl[6]: 1
2023/05/21-16:05:52.022719 7f3a2931d700       Options.max_sequential_skip_in_iterations: 8
2023/05/21-16:05:52.022720 7f3a2931d700                    Options.max_compaction_bytes: 1677721600
2023/05/21-16:05:52.022721 7f3a2931d700                        Options.arena_block_size: 8388608
2023/05/21-16:05:52.022722 7f3a2931d700   Options.soft_pending_compaction_bytes_limit: 68719476736
2023/05/21-16:05:52.022723 7f3a2931d700   Options.hard_pending_compaction_bytes_limit: 274877906944
2023/05/21-16:05:52.022724 7f3a2931d700       Options.rate_limit_delay_max_milliseconds: 100
2023/05/21-16:05:52.022725 7f3a2931d700                Options.disable_auto_compactions: 1
2023/05/21-16:05:52.022726 7f3a2931d700                        Options.compaction_style: kCompactionStyleLevel
2023/05/21-16:05:52.022727 7f3a2931d700                          Options.compaction_pri: kMinOverlappingRatio
2023/05/21-16:05:52.022727 7f3a2931d700 Options.compaction_options_universal.size_ratio: 1
2023/05/21-16:05:52.022728 7f3a2931d700 Options.compaction_options_universal.min_merge_width: 2
2023/05/21-16:05:52.022729 7f3a2931d700 Options.compaction_options_universal.max_merge_width: 4294967295
2023/05/21-16:05:52.022730 7f3a2931d700 Options.compaction_options_universal.max_size_amplification_percent: 200
2023/05/21-16:05:52.022731 7f3a2931d700 Options.compaction_options_universal.compression_size_percent: -1
2023/05/21-16:05:52.022732 7f3a2931d700 Options.compaction_options_universal.stop_style: kCompactionStopStyleTotalSize
2023/05/21-16:05:52.022733 7f3a2931d700 Options.compaction_options_fifo.max_table_files_size: 1073741824
2023/05/21-16:05:52.022734 7f3a2931d700 Options.compaction_options_fifo.allow_compaction: 0
2023/05/21-16:05:52.022734 7f3a2931d700                   Options.table_properties_collectors: 
2023/05/21-16:05:52.022735 7f3a2931d700                   Options.inplace_update_support: 0
2023/05/21-16:05:52.022736 7f3a2931d700                 Options.inplace_update_num_locks: 10000
2023/05/21-16:05:52.022737 7f3a2931d700               Options.memtable_prefix_bloom_size_ratio: 0.000000
2023/05/21-16:05:52.022738 7f3a2931d700               Options.memtable_whole_key_filtering: 0
2023/05/21-16:05:52.022739 7f3a2931d700   Options.memtable_huge_page_size: 0
2023/05/21-16:05:52.022740 7f3a2931d700                           Options.bloom_locality: 0
2023/05/21-16:05:52.022741 7f3a2931d700                    Options.max_successive_merges: 0
2023/05/21-16:05:52.022742 7f3a2931d700                Options.optimize_filters_for_hits: 0
2023/05/21-16:05:52.022742 7f3a2931d700                Options.paranoid_file_checks: 0
2023/05/21-16:05:52.022743 7f3a2931d700                Options.force_consistency_checks: 0
2023/05/21-16:05:52.022775 7f3a2931d700                Options.report_bg_io_stats: 0
2023/05/21-16:05:52.022777 7f3a2931d700                               Options.ttl: 2592000
2023/05/21-16:05:52.022778 7f3a2931d700          Options.periodic_compaction_seconds: 0
2023/05/21-16:05:52.022808 7f3a2931d700 [lumn_family.cc:552] --------------- Options for column family []:
2023/05/21-16:05:52.022810 7f3a2931d700               Options.comparator: leveldb.BytewiseComparator
2023/05/21-16:05:52.022810 7f3a2931d700           Options.merge_operator: None
2023/05/21-16:05:52.022811 7f3a2931d700        Options.compaction_filter: None
2023/05/21-16:05:52.022812 7f3a2931d700        Options.compaction_filter_factory: None
2023/05/21-16:05:52.022813 7f3a2931d700         Options.memtable_factory: SkipListFactory
2023/05/21-16:05:52.022814 7f3a2931d700            Options.table_factory: BlockBasedTable
2023/05/21-16:05:52.022834 7f3a2931d700            table_factory options:   flush_block_policy_factory: FlushBlockBySizePolicyFactory (0x7f3a251fbf60)
  cache_index_and_filter_blocks: 0
  cache_index_and_filter_blocks_with_high_priority: 1
  pin_l0_filter_and_index_blocks_in_cache: 0
  pin_top_level_index_and_filter: 1
  index_type: 0
  data_block_index_type: 0
  index_shortening: 1
  data_block_hash_table_util_ratio: 0.750000
  hash_index_allow_collision: 1
  checksum: 1
  no_block_cache: 0
  block_cache: 0x7f3a251fbfa0
  block_cache_name: LRUCache
  block_cache_options:
    capacity : 8388608
    num_shard_bits : 4
    strict_capacity_limit : 0
    memory_allocator : None
    high_pri_pool_ratio: 0.000
  block_cache_compressed: (nil)
  persistent_cache: (nil)
  block_size: 4096
  block_size_deviation: 10
  block_restart_interval: 16
  index_block_restart_interval: 1
  metadata_block_size: 4096
  partition_filters: 0
  use_delta_encoding: 1
  filter_policy: nullptr
  whole_key_filtering: 1
  verify_compression: 0
  read_amp_bytes_per_bit: 0
  format_version: 2
  enable_index_compression: 1
  block_align: 0
2023/05/21-16:05:52.022835 7f3a2931d700        Options.write_buffer_size: 67108864
2023/05/21-16:05:52.022836 7f3a2931d700  Options.max_write_buffer_number: 2
2023/05/21-16:05:52.022837 7f3a2931d700          Options.compression: Snappy
2023/05/21-16:05:52.022838 7f3a2931d700                  Options.bottommost_compression: Disabled
2023/05/21-16:05:52.022839 7f3a2931d700       Options.prefix_extractor: nullptr
2023/05/21-16:05:52.022840 7f3a2931d700   Options.memtable_insert_with_hint_prefix_extractor: nullptr
2023/05/21-16:05:52.022840 7f3a2931d700             Options.num_levels: 7
2023/05/21-16:05:52.022841 7f3a2931d700        Options.min_write_buffer_number_to_merge: 1
2023/05/21-16:05:52.022842 7f3a2931d700     Options.max_write_buffer_number_to_maintain: 0
2023/05/21-16:05:52.022843 7f3a2931d700     Options.max_write_buffer_size_to_maintain: 134217728
2023/05/21-16:05:52.022844 7f3a2931d700            Options.bottommost_compression_opts.window_bits: -14
2023/05/21-16:05:52.022845 7f3a2931d700                  Options.bottommost_compression_opts.level: 32767
2023/05/21-16:05:52.022846 7f3a2931d700               Options.bottommost_compression_opts.strategy: 0
2023/05/21-16:05:52.022846 7f3a2931d700         Options.bottommost_compression_opts.max_dict_bytes: 0
2023/05/21-16:05:52.022847 7f3a2931d700         Options.bottommost_compression_opts.zstd_max_train_bytes: 0
2023/05/21-16:05:52.022848 7f3a2931d700                  Options.bottommost_compression_opts.enabled: false
2023/05/21-16:05:52.022849 7f3a2931d700            Options.compression_opts.window_bits: -14
2023/05/21-16:05:52.022850 7f3a2931d700                  Options.compression_opts.level: 32767
2023/05/21-16:05:52.022851 7f3a2931d700               Options.compression_opts.strategy: 0
2023/05/21-16:05:52.022852 7f3a2931d700         Options.compression_opts.max_dict_bytes: 0
2023/05/21-16:05:52.022852 7f3a2931d700         Options.compression_opts.zstd_max_train_bytes: 0
2023/05/21-16:05:52.022853 7f3a2931d700                  Options.compression_opts.enabled: false
2023/05/21-16:05:52.022883 7f3a2931d700      Options.level0_file_num_compaction_trigger: 4
2023/05/21-16:05:52.022885 7f3a2931d700          Options.level0_slowdown_writes_trigger: 20
2023/05/21-16:05:52.022885 7f3a2931d700              Options.level0_stop_writes_trigger: 36
2023/05/21-16:05:52.022886 7f3a2931d700                   Options.target_file_size_base: 67108864
2023/05/21-16:05:52.022887 7f3a2931d700             Options.target_file_size_multiplier: 1
2023/05/21-16:05:52.022888 7f3a2931d700                Options.max_bytes_for_level_base: 268435456
2023/05/21-16:05:52.022889 7f3a2931d700 Options.level_compaction_dynamic_level_bytes: 0
2023/05/21-16:05:52.022890 7f3a2931d700          Options.max_bytes_for_level_multiplier: 10.000000
2023/05/21-16:05:52.022891 7f3a2931d700 Options.max_bytes_for_level_multiplier_addtl[0]: 1
2023/05/21-16:05:52.022892 7f3a2931d700 Options.max_bytes_for_level_multiplier_addtl[1]: 1
2023/05/21-16:05:52.022893 7f3a2931d700 Options.max_bytes_for_level_multiplier_addtl[2]: 1
2023/05/21-16:05:52.022894 7f3a2931d700 Options.max_bytes_for_level_multiplier_addtl[3]: 1
2023/05/21-16:05:52.022895 7f3a2931d700 Options.max_bytes_for_level_multiplier_addtl[4]: 1
2023/05/21-16:05:52.022896 7f3a2931d700 Options.max_bytes_for_level_multiplier_addtl[5]: 1
2023/05/21-16:05:52.022897 7f3a2931d700 Options.max_bytes_for_level_multiplier_addtl[6]: 1
2023/05/21-16:05:52.022897 7f3a2931d700       Options.max_sequential_skip_in_iterations: 8
2023/05/21-16:05:52.022898 7f3a2931d700                    Options.max_compaction_bytes: 1677721600
2023/05/21-16:05:52.022899 7f3a2931d700                        Options.arena_block_size: 8388608
2023/05/21-16:05:52.022900 7f3a2931d700   Options.soft_pending_compaction_bytes_limit: 68719476736
2023/05/21-16:05:52.022901 7f3a2931d700   Options.hard_pending_compaction_bytes_limit: 274877906944
2023/05/21-16:05:52.022902 7f3a2931d700       Options.rate_limit_delay_max_milliseconds: 100
2023/05/21-16:05:52.022903 7f3a2931d700                Options.disable_auto_compactions: 1
2023/05/21-16:05:52.022904 7f3a2931d700                        Options.compaction_style: kCompactionStyleLevel
2023/05/21-16:05:52.022905 7f3a2931d700                          Options.compaction_pri: kMinOverlappingRatio
2023/05/21-16:05:52.022906 7f3a2931d700 Options.compaction_options_universal.size_ratio: 1
2023/05/21-16:05:52.022906 7f3a2931d700 Options.compaction_options_universal.min_merge_width: 2
2023/05/21-16:05:52.022907 7f3a2931d700 Options.compaction_options_universal.max_merge_width: 4294967295
2023/05/21-16:05:52.022908 7f3a2931d700 Options.compaction_options_universal.max_size_amplification_percent: 200
2023/05/21-16:05:52.022909 7f3a2931d700 Options.compaction_options_universal.compression_size_percent: -1
2023/05/21-16:05:52.022910 7f3a2931d700 Options.compaction_options_universal.stop_style: kCompactionStopStyleTotalSize
2023/05/21-16:05:52.022911 7f3a2931d700 Options.compaction_options_fifo.max_table_files_size: 1073741824
